2001,2006
2001,2018
2001,2023
2001,2036
2001,2047
2001,2066
2001,2116
2001,2156
2001,2169
2001,2182
2001,2197
2002,2080
2002,2094
2002,2105
2002,2116
2002,2128
2002,2130
2002,2132
2002,2144
2002,2150
2002,2151
2002,2172
2002,2173
2002,2178
2002,2194
2003,2053
2003,2065
2003,2080
2003,2099
2003,2111
2004,2023
2004,2033
2004,2151
2004,2162
2005,2020
2005,2072
2005,2077
2005,2119
2005,2152
2005,2181
2005,2184
2006,2014
2006,2021
2006,2032
2006,2056
2006,2115
2006,2132
2006,2157
2006,2167
2007,2001
2007,2015
2007,2029
2007,2093
2007,2094
2007,2166
2008,2010
2008,2034
2008,2040
2008,2070
2008,2109
2008,2181
2008,2184
2009,2061
2009,2067
2009,2076
2009,2092
2009,2121
2009,2189
2010,2007
2010,2014
2010,2089
2010,2090
2010,2114
2010,2154
2010,2190
2011,2049
2012,2082
2012,2092
2012,2135
2012,2142
2012,2152
2013,2035
2013,2077
2013,2095
2013,2147
2013,2164
2013,2179
2014,2022
2014,2052
2014,2095
2014,2098
2014,2111
2014,2117
2014,2131
2014,2167
2014,2186
2015,2026
2015,2038
2015,2046
2015,2077
2015,2084
2015,2087
2015,2106
2015,2168
2016,2010
2016,2025
2016,2078
2016,2081
2016,2110
2016,2117
2016,2152
2016,2160
2016,2186
2017,2005
2017,2086
2017,2096
2017,2108
2017,2113
2017,2136
2017,2142
2017,2196
2017,2200
2018,2071
2018,2078
2018,2179
2019,2066
2019,2108
2019,2166
2019,2169
2019,2171
2019,2188
2020,2018
2020,2051
2020,2073
2020,2113
2020,2125
2020,2149
2020,2176
2021,2032
2021,2059
2021,2064
2021,2077
2021,2155
2021,2162
2021,2191
2022,2039
2022,2043
2022,2063
2022,2078
2022,2083
2022,2180
2023,2033
2023,2048
2023,2064
2023,2087
2023,2092
2023,2093
2023,2117
2023,2132
2023,2170
2023,2174
2024,2006
2024,2012
2024,2033
2024,2067
2024,2108
2024,2141
2024,2192
2025,2013
2025,2093
2025,2096
2025,2156
2025,2161
2025,2162
2026,2013
2026,2024
2026,2039
2026,2050
2026,2144
2026,2171
2026,2176
2026,2177
2026,2195
2027,2013
2027,2067
2027,2100
2027,2126
2027,2157
2027,2158
2027,2162
2028,2041
2028,2049
2028,2086
2028,2200
2029,2009
2029,2014
2029,2015
2029,2056
2029,2060
2029,2079
2029,2150
2029,2166
2030,2034
2030,2055
2030,2083
2030,2108
2030,2136
2030,2187
2030,2198
2031,2065
2031,2114
2031,2135
2032,2029
2032,2046
2032,2050
2032,2053
2032,2054
2032,2056
2032,2072
2032,2154
2032,2163
2032,2182
2032,2183
2033,2005
2033,2006
2033,2052
2033,2069
2033,2116
2033,2176
2034,2031
2034,2036
2034,2186
2034,2198
2034,2200
2035,2020
2035,2047
2035,2084
2035,2098
2035,2148
2035,2199
2036,2020
2036,2022
2036,2043
2036,2051
2036,2082
2036,2135
2036,2149
2036,2157
2036,2171
2037,2114
2037,2153
2037,2188
2038,2017
2038,2083
2038,2161
2038,2199
2039,2009
2039,2010
2039,2016
2039,2086
2039,2144
2039,2169
2039,2179
2039,2180
2040,2034
2040,2096
2040,2111
2040,2113
2040,2131
2040,2171
2041,2016
2041,2044
2041,2066
2041,2169
2041,2171
2042,2015
2042,2026
2042,2035
2042,2040
2042,2043
2042,2139
2042,2177
2043,2039
2043,2069
2043,2084
2043,2086
2043,2088
2043,2089
2043,2107
2043,2126
2043,2133
2043,2151
2043,2161
2043,2170
2043,2200
2044,2019
2044,2030
2044,2035
2044,2072
2045,2036
2045,2047
2045,2051
2045,2054
2045,2075
2045,2078
2045,2112
2045,2152
2045,2154
2046,2054
2046,2062
2046,2074
2046,2083
2046,2084
2046,2147
2046,2199
2047,2009
2047,2016
2047,2025
2047,2057
2047,2115
2047,2125
2047,2148
2048,2001
2048,2002
2048,2054
2048,2078
2048,2094
2048,2127
2049,2010
2049,2014
2049,2029
2049,2098
2049,2116
2049,2133
2049,2180
2050,2030
2050,2065
2050,2066
2050,2081
2050,2092
2050,2151
2051,2016
2051,2043
2051,2046
2051,2055
2051,2081
2051,2147
2051,2194
2052,2017
2052,2021
2052,2046
2052,2047
2052,2052
2052,2111
2052,2112
2052,2130
2052,2140
2052,2141
2052,2152
2052,2197
2052,2198
2053,2049
2053,2074
2053,2115
2053,2129
2053,2141
2053,2148
2053,2150
2053,2189
2054,2008
2054,2024
2054,2032
2054,2037
2054,2046
2054,2142
2054,2157
2055,2023
2055,2046
2055,2073
2055,2088
2055,2142
2055,2146
2055,2161
2056,2005
2056,2019
2056,2040
2056,2088
2056,2151
2056,2166
2056,2180
2057,2010
2057,2016
2057,2065
2057,2109
2057,2170
2057,2192
2057,2200
2058,2006
2058,2061
2058,2100
2058,2153
2058,2155
2058,2195
2059,2009
2059,2066
2059,2070
2059,2110
2059,2116
2059,2131
2059,2169
2059,2176
2060,2014
2060,2019
2060,2029
2060,2045
2060,2080
2060,2094
2060,2096
2060,2108
2060,2146
2060,2155
2060,2173
2060,2182
2061,2014
2061,2017
2061,2023
2061,2068
2061,2078
2061,2097
2061,2108
2061,2115
2061,2148
2062,2026
2062,2035
2062,2078
2062,2194
2063,2148
2064,2022
2064,2025
2064,2041
2064,2102
2064,2126
2064,2184
2064,2196
2065,2007
2065,2012
2065,2018
2065,2072
2065,2092
2065,2095
2065,2156
2065,2182
2066,2002
2066,2004
2066,2024
2066,2028
2066,2031
2066,2039
2066,2072
2066,2100
2066,2120
2066,2122
2066,2124
2066,2134
2066,2143
2066,2168
2066,2179
2066,2180
2067,2051
2067,2166
2068,2023
2068,2025
2068,2069
2068,2084
2068,2086
2068,2090
2068,2123
2068,2155
2068,2173
2068,2182
2069,2028
2069,2030
2069,2154
2069,2162
2069,2173
2069,2200
2070,2005
2070,2015
2070,2016
2070,2039
2070,2065
2070,2075
2070,2081
2070,2147
2070,2157
2070,2163
2070,2187
2071,2021
2071,2140
2071,2154
2071,2167
2071,2168
2071,2184
2072,2022
2072,2030
2072,2032
2072,2040
2072,2093
2072,2099
2072,2127
2072,2137
2072,2155
2072,2166
2072,2181
2072,2189
2073,2014
2073,2025
2073,2042
2073,2066
2073,2072
2073,2081
2074,2092
2074,2136
2074,2143
2074,2146
2074,2155
2074,2171
2074,2172
2075,2059
2075,2078
2075,2150
2075,2161
2075,2176
2076,2043
2076,2048
2076,2109
2076,2128
2076,2150
2076,2152
2076,2153
2077,2034
2077,2040
2077,2097
2077,2112
2077,2132
2077,2184
2077,2192
2077,2193
2078,2002
2078,2112
2078,2114
2078,2148
2078,2150
2079,2039
2079,2052
2079,2063
2079,2080
2079,2133
2079,2146
2079,2192
2080,2038
2080,2050
2080,2081
2080,2090
2080,2107
2080,2160
2081,2013
2081,2057
2081,2070
2081,2079
2081,2101
2081,2108
2081,2111
2081,2167
2082,2158
2082,2167
2082,2169
2082,2195
2083,2050
2083,2078
2083,2108
2083,2121
2083,2136
2083,2152
2083,2156
2083,2182
2083,2185
2084,2005
2084,2015
2084,2035
2084,2059
2084,2136
2084,2139
2084,2165
2085,2053
2085,2059
2085,2065
2085,2076
2085,2133
2085,2139
2085,2154
2086,2050
2086,2063
2086,2079
2086,2086
2086,2100
2086,2130
2086,2155
2086,2175
2086,2191
2087,2062
2087,2076
2087,2087
2087,2121
2087,2155
2087,2174
2088,2066
2088,2179
2089,2009
2089,2027
2089,2035
2089,2048
2089,2072
2089,2097
2090,2079
2091,2001
2091,2045
2091,2115
2091,2142
2092,2004
2092,2011
2092,2017
2092,2023
2092,2035
2092,2039
2092,2053
2092,2057
2092,2078
2092,2146
2092,2160
2092,2178
2093,2019
2093,2020
2093,2032
2093,2044
2093,2143
2093,2150
2093,2177
2093,2185
2094,2004
2094,2022
2094,2050
2094,2065
2094,2092
2094,2099
2094,2129
2094,2154
2095,2031
2095,2109
2095,2159
2095,2191
2096,2014
2096,2068
2096,2079
2096,2082
2096,2093
2096,2176
2096,2196
2097,2012
2097,2026
2097,2032
2097,2042
2097,2075
2097,2127
2097,2134
2098,2088
2098,2091
2098,2117
2098,2189
2099,2016
2099,2019
2099,2024
2099,2055
2099,2061
2099,2071
2099,2111
2099,2116
2099,2139
2099,2164
2099,2193
2100,2002
2100,2074
2100,2123
2100,2142
2100,2157
2101,2007
2101,2027
2101,2028
2101,2048
2101,2071
2101,2139
2101,2141
2101,2161
2102,2007
2102,2012
2102,2023
2102,2036
2102,2040
2102,2041
2102,2046
2102,2116
2102,2117
2102,2164
2103,2007
2103,2048
2103,2052
2103,2144
2103,2147
2103,2162
2103,2163
2103,2166
2103,2189
2104,2017
2104,2102
2104,2104
2104,2184
2105,2024
2105,2039
2105,2057
2105,2072
2105,2123
2106,2011
2106,2024
2106,2090
2106,2172
2106,2192
2106,2200
2107,2013
2107,2037
2107,2040
2107,2059
2107,2079
2107,2087
2107,2104
2107,2124
2107,2144
2107,2197
2108,2053
2108,2076
2108,2097
2108,2167
2109,2021
2109,2043
2109,2054
2109,2120
2110,2042
2110,2197
2111,2060
2111,2088
2111,2093
2111,2107
2111,2122
2111,2173
2111,2194
2112,2005
2112,2009
2112,2014
2112,2026
2112,2103
2112,2151
2113,2003
2113,2031
2113,2078
2113,2095
2113,2099
2113,2101
2113,2112
2113,2118
2113,2128
2114,2037
2114,2161
2114,2171
2114,2184
2114,2188
2114,2193
2115,2010
2115,2042
2115,2106
2115,2184
2116,2016
2116,2034
2116,2079
2116,2099
2116,2128
2116,2145
2116,2148
2116,2159
2116,2164
2116,2168
2117,2012
2117,2027
2117,2092
2117,2181
2118,2007
2118,2008
2118,2047
2118,2049
2118,2053
2118,2075
2118,2123
2118,2155
2118,2170
2118,2174
2119,2010
2119,2035
2119,2074
2119,2081
2119,2100
2119,2109
2119,2113
2119,2123
2119,2140
2119,2147
2119,2152
2119,2197
2120,2047
2120,2061
2120,2104
2120,2109
2120,2112
2120,2123
2120,2151
2120,2161
2120,2172
2120,2182
2120,2184
2121,2033
2121,2045
2121,2050
2121,2064
2121,2091
2121,2109
2121,2117
2121,2138
2121,2160
2122,2017
2122,2106
2122,2111
2122,2115
2122,2117
2122,2122
2123,2045
2123,2097
2123,2100
2123,2130
2124,2046
2124,2047
2124,2057
2124,2072
2124,2112
2124,2127
2124,2195
2125,2015
2125,2088
2125,2091
2125,2099
2125,2106
2125,2147
2125,2161
2125,2180
2125,2191
2126,2003
2126,2047
2126,2055
2126,2064
2126,2073
2126,2193
2127,2030
2127,2038
2127,2078
2127,2092
2127,2135
2127,2174
2127,2180
2128,2007
2128,2008
2128,2025
2128,2055
2128,2061
2128,2063
2128,2069
2128,2083
2128,2096
2128,2103
2128,2152
2128,2165
2128,2172
2129,2036
2129,2063
2129,2094
2129,2116
2129,2139
2129,2143
2129,2153
2130,2012
2130,2072
2130,2100
2130,2118
2130,2153
2130,2173
2130,2176
2130,2188
2131,2083
2131,2154
2131,2169
2131,2198
2132,2013
2132,2020
2132,2030
2132,2044
2132,2055
2132,2065
2132,2106
2132,2120
2132,2169
2133,2030
2133,2122
2133,2199
2134,2010
2134,2013
2134,2024
2134,2046
2134,2063
2134,2064
2134,2080
2134,2178
2134,2179
2134,2181
2135,2011
2135,2033
2135,2098
2135,2108
2135,2113
2135,2130
2135,2171
2135,2193
2135,2200
2136,2039
2136,2049
2136,2053
2136,2060
2136,2109
2136,2134
2136,2136
2136,2144
2136,2157
2136,2191
2137,2040
2137,2045
2137,2048
2137,2053
2137,2057
2137,2067
2137,2100
2137,2140
2138,2034
2138,2037
2138,2053
2138,2086
2138,2101
2138,2116
2138,2126
2138,2128
2138,2131
2138,2186
2139,2014
2139,2031
2139,2058
2139,2100
2139,2125
2139,2145
2139,2163
2139,2168
2139,2171
2139,2178
2139,2181
2140,2002
2140,2015
2140,2020
2140,2025
2140,2031
2140,2086
2140,2111
2140,2137
2140,2146
2140,2157
2140,2172
2140,2193
2141,2026
2141,2119
2141,2167
2141,2173
2142,2022
2142,2032
2142,2042
2142,2054
2142,2083
2142,2090
2142,2139
2142,2180
2142,2188
2142,2200
2143,2069
2143,2076
2143,2092
2143,2110
2143,2164
2143,2184
2144,2052
2144,2057
2144,2065
2144,2078
2144,2115
2144,2168
2144,2171
2144,2174
2144,2186
2145,2015
2145,2023
2145,2036
2145,2073
2145,2138
2145,2152
2145,2186
2146,2019
2146,2028
2146,2033
2146,2045
2146,2046
2146,2067
2146,2090
2146,2099
2146,2124
2146,2153
2146,2156
2147,2017
2147,2060
2147,2082
2147,2087
2147,2121
2147,2128
2147,2170
2147,2188
2148,2050
2148,2051
2148,2078
2148,2086
2148,2088
2148,2090
2148,2145
2148,2164
2148,2194
2149,2021
2149,2049
2149,2051
2149,2145
2149,2155
2149,2157
2149,2192
2150,2110
2150,2148
2150,2191
2151,2028
2151,2033
2151,2047
2151,2057
2151,2061
2151,2096
2151,2120
2151,2159
2152,2050
2152,2064
2152,2099
2152,2125
2153,2092
2153,2108
2153,2148
2153,2152
2153,2183
2154,2018
2154,2023
2154,2037
2154,2042
2154,2056
2154,2060
2154,2081
2154,2121
2154,2145
2154,2183
2155,2021
2155,2022
2155,2052
2155,2057
2155,2121
2155,2145
2155,2147
2155,2190
2156,2023
2156,2025
2156,2048
2156,2134
2157,2044
2157,2092
2157,2095
2157,2100
2157,2102
2157,2113
2157,2172
2157,2174
2157,2199
2158,2015
2158,2038
2158,2070
2158,2100
2158,2122
2158,2143
2158,2164
2158,2170
2158,2171
2159,2004
2159,2067
2159,2120
2159,2154
2159,2165
2160,2049
2160,2072
2160,2073
2160,2105
2160,2106
2160,2119
2160,2155
2160,2168
2161,2032
2161,2055
2161,2112
2161,2117
2161,2181
2162,2018
2162,2027
2162,2031
2162,2042
2162,2044
2162,2091
2162,2102
2162,2116
2162,2125
2162,2188
2162,2195
2163,2030
2163,2089
2163,2115
2163,2116
2163,2140
2163,2172
2164,2001
2164,2009
2164,2072
2164,2119
2164,2190
2165,2005
2165,2010
2165,2013
2165,2077
2165,2099
2165,2187
2166,2010
2166,2017
2166,2033
2166,2037
2166,2078
2166,2176
2167,2007
2167,2058
2167,2073
2167,2108
2167,2154
2167,2162
2167,2196
2168,2058
2168,2087
2168,2122
2168,2151
2168,2169
2168,2193
2169,2015
2169,2016
2169,2034
2169,2067
2169,2084
2169,2085
2169,2118
2169,2167
2169,2179
2169,2193
2170,2056
2170,2077
2170,2091
2170,2104
2170,2130
2170,2148
2170,2154
2170,2161
2170,2183
2170,2188
2171,2075
2171,2082
2172,2017
2172,2050
2172,2053
2172,2069
2172,2083
2172,2144
2173,2005
2173,2019
2173,2021
2173,2033
2173,2062
2173,2063
2173,2086
2173,2111
2173,2150
2173,2151
2174,2080
2174,2082
2174,2092
2174,2096
2174,2101
2174,2159
2174,2162
2174,2176
2175,2001
2175,2015
2175,2034
2175,2038
2175,2041
2175,2068
2175,2079
2175,2099
2175,2118
2175,2122
2175,2126
2175,2181
2176,2011
2176,2017
2176,2026
2176,2065
2176,2075
2176,2080
2176,2144
2176,2155
2176,2177
2176,2178
2176,2199
2177,2047
2177,2151
2177,2163
2177,2172
2177,2194
2178,2001
2178,2008
2178,2014
2178,2063
2178,2075
2178,2113
2178,2165
2179,2022
2179,2031
2179,2033
2179,2042
2179,2058
2179,2168
2179,2198
2180,2074
2180,2110
2180,2182
2180,2186
2180,2188
2180,2192
2181,2018
2181,2031
2181,2040
2181,2041
2181,2051
2181,2063
2181,2086
2181,2110
2181,2125
2181,2171
2182,2008
2182,2061
2182,2065
2182,2072
2182,2125
2183,2001
2183,2021
2183,2066
2183,2085
2183,2120
2183,2131
2183,2184
2183,2187
2183,2188
2184,2004
2184,2077
2184,2086
2184,2087
2184,2095
2184,2111
2184,2152
2184,2170
2184,2198
2184,2200
2185,2011
2185,2013
2185,2091
2185,2122
2185,2144
2185,2147
2185,2183
2186,2021
2186,2060
2186,2095
2186,2109
2186,2140
2187,2063
2187,2113
2187,2114
2187,2176
2188,2027
2188,2031
2188,2042
2188,2069
2188,2073
2188,2082
2188,2090
2188,2101
2188,2130
2188,2145
2188,2167
2188,2196
2188,2197
2189,2004
2189,2006
2189,2068
2189,2176
2189,2192
2190,2001
2190,2030
2190,2062
2190,2115
2190,2120
2190,2122
2190,2124
2190,2141
2190,2164
2190,2200
2191,2053
2191,2071
2191,2089
2191,2095
2191,2156
2191,2160
2191,2181
2191,2189
2192,2025
2192,2069
2192,2080
2192,2086
2192,2116
2192,2131
2192,2138
2192,2183
2193,2066
2193,2145
2194,2019
2194,2033
2194,2035
2194,2060
2194,2089
2194,2107
2194,2127
2194,2181
2195,2010
2195,2035
2195,2062
2195,2131
2195,2164
2196,2020
2196,2041
2196,2091
2196,2109
2196,2144
2196,2153
2196,2176
2197,2008
2197,2052
2197,2078
2197,2192
2197,2194
2197,2195
2198,2024
2198,2089
2198,2121
2198,2151
2198,2159
2198,2183
2198,2197
2199,2010
2199,2031
2199,2088
2199,2090
2199,2095
2199,2132
2199,2142
2199,2195
2200,2077
2200,2099
2200,2135
2200,2149
2200,2151
2200,2159
